test_set|prediction
('now i do amalfi itali travel poster illustr', 'Content related')|Bug report
('cr7 pop art', 'Content related')|Bug report
('curvatur tool 2019 tutori adob illustr graphic bibl', 'How to')|Question
('low poli tiger', 'Unclear / Unrelated')|Bug report
('pen pressur option grey', 'Question')|General complaint
('king krule illustr', 'Content related')|Advertisement
('poster son highschool band', 'Content related')|Social interaction
('i need help graphic', 'Question')|Bug report
('warp tool help', 'Question')|Question
('help eras part text', 'Question')|Question
('help color mix', 'Question')|Bug report
('ctrl 4 repeat last pathfind oper', 'How to')|Unclear / Unrelated
('help cant disconnect line other word matter i line keep follw cursor help', 'Bug report')|Unclear / Unrelated
('troubl delet thing around letter', 'Question')|Bug report
('sailboat poster', 'Content related')|Question
('my dude should blue c line if would i go gc', 'Question')|Question
('help', 'Question')|Bug report
('blob brush shape builder help', 'Question')|Question
('best laptop comput illustr', 'Question')|Unclear / Unrelated
('50 mind', 'Unclear / Unrelated')|Content related
('pierc brosnan 007', 'Content related')|Bug report
('there alway anoth way all rout lead rome', 'Unclear / Unrelated')|Bug report
('start weekend project earli go finish', 'Unclear / Unrelated')|Bug report
('can anyon give feedback pleas', 'Question')|Question
('retro sunset first submiss', 'Content related')|Bug report
('here goe noth ani think', 'Question')|Question
('woman vector illustr wwd', 'Content related')|Unclear / Unrelated
('whi i abl save pictur png', 'Bug report')|Question
('a quick littl video graphic style i work i think i sell set do satisfact i call product rorschach suggest welcom', 'Content related')|How to
('so i tri get illustr think great first', 'Content related')|Unclear / Unrelated
('export select black color background bug', 'Bug report')|Question
('minimalist life', 'Unclear / Unrelated')|Question
('i need inspir want show portfolio', 'Content related')|Bug report
('i spend 2 month get lip right one i realli like way turn self teach', 'Content related')|Question
('fulli illustr halloween stream pack i last month', 'Content related')|Question
('my take self portrait sorri bad pic', 'Content related')|Bug report
('action illustr', 'Question')|Unclear / Unrelated
('construct spider robot illustr keycastr show', 'Unclear / Unrelated')|Question
('help im tri use edit color function everyth grey', 'Bug report')|Content related
('i tri emphas length two l ad line ani think i rooki', 'Question')|Unclear / Unrelated
('quick noob question', 'Question')|Question
('doe anyon know tutori make poster', 'Content related')|Bug report
('new illustr let know think', 'Content related')|Feature shortcoming
('adob illustr cc tutori how make beauti landscap backgr', 'How to')|Bug report
('boa toronto drag queen', 'Unclear / Unrelated')|Unclear / Unrelated
('saw bunch low poli post i want tri what think', 'Content related')|Bug report
('best pay illustr plugin avail', 'Question')|Bug report
('grain textur outlin get rid there stroke object', 'Question')|Bug report
('go streamlin modern love lo angel travel poster i finish illustr', 'Content related')|Bug report
('live paint gradient clip', 'Question')|General complaint
('i need help easi fix pleas help transpar mask issu', 'Bug report')|Bug report
('custom t shirt design adob illustr t shirt design tutori', 'How to')|Unclear / Unrelated
('colour space question', 'Bug report')|Bug report
('better ideal', 'Content related')|Question
('creativ block', 'Question')|Question
('help how make illustr seamlessli wrap around cylind without see join', 'Question')|Unclear / Unrelated
('whi i two tool pallett ai', 'Bug report')|Question
('best way learn thing illustr', 'Question')|Bug report
('youtub avatar channel banner', 'Question')|Question
('easiest way add fill color compound shape', 'Question')|How to
('step enabl dark mode chrome beta android', 'Content related')|Question
('can chrome spell check languag base keyboard layout', 'Question')|Question
('chrome freez hang second random', 'Bug report')|Bug report
('how i turn dark mode', 'Question')|Content related
('can chang googl chrome video player android', 'Question')|Advertisement
('the new chromium base edg flag disabl dark mode expect chrome add similar flag desktop version', 'Feature request')|Question
('trigger memori leak chrome 73 without js', 'Bug report')|Bug report
('some annoy googl chrome issu bug', 'Bug report')|Question
('chrome display everyth includ webpag i zoom 100 zoom 90 show normal', 'Bug report')|Bug report
('block we would like send push notif', 'Feature request')|General complaint
('touchscreen like zoom touchpad', 'Feature request')|Bug report
('chrome work latest updat', 'Bug report')|Content related
('empti home page dark mode', 'Bug report')|Bug report
('stop chrome refresh tab', 'Bug report')|Bug report
('autopaus video sound play second', 'Bug report')|Question
('weird lagg render issu chrome', 'Bug report')|Question
('chrome smooth scroller break svg break new updat', 'Bug report')|Question
('chrome suddenli download like crazi new updat phone be', 'Bug report')|Question
('dark mode chrome', 'Bug report')|Bug report
('ani updat revert updat', 'Feature request')|Unclear / Unrelated
('io chrome support flash now', 'Question')|Question
('pleas help chrome updat', 'Bug report')|Question
('be chrome extens tell own news outlet whose domain i', 'Question')|Unclear / Unrelated
('android how i save password http author page', 'Question')|Unclear / Unrelated
('i think i need technic help', 'Bug report')|Bug report
('be file show previou chrome session', 'Bug report')|Bug report
('mxtract memori extractor analyz', 'Unclear / Unrelated')|Question
('affect perform instal lot extens disabl', 'Question')|Content related
('the beta version chrome desktop also full nativ dark mode menu white letter also detect system dark light mode automat switch window', 'Advertisement')|Bug report
('how remov websit suggest type address bar', 'Question')|Feature shortcoming
('chrome titlebar longer transpar', 'Feature shortcoming')|Question
('be possibl differ default tab open differ comput log googl account', 'Question')|Unclear / Unrelated
('help be possibl restor tab', 'Question')|Question
('help chrome automat open everi i startup pc doe anyon know fix', 'Bug report')|Question
('chrome randomli unabl load anyth edg fine', 'Bug report')|Unclear / Unrelated
('use url search i get blue result', 'Question')|Question
('what shortcut move cursor see pictur', 'Question')|Bug report
('chrome 74 remov sound content set new media control flag fuck chrome 74 i want mute one tab dumbass media control look aw', 'General complaint')|Bug report
('can remov emoji option right click', 'Question')|Question
('chrome beta 74 dark mode', 'Advertisement')|Content related
('custom ui chrome chromium possibl', 'Question')|Social interaction
('1 highlight differ text color 2 classifi highlight text 3 export result text file', 'Question')|Bug report
('new tab add shortcut how to remov', 'Question')|Question
('chrome test separ toolbar button menu extens canari', 'Bug report')|Unclear / Unrelated
('i screw view get right help', 'Bug report')|Bug report
('be new thing inact tab highlight hover', 'Bug report')|Question
('need help backup import', 'Question')|Bug report
('welp', 'Unclear / Unrelated')|Question
('chrome tri access webcam', 'Bug report')|Bug report
('chrome error gener print preview larger 4gb idea fix', 'Bug report')|Feature shortcoming
('how prove potenti employ i know use excel when i use current assembl line posit', 'Question')|Bug report
('how get pmt function to work after chang a line', 'Question')|Content related
('weird excel 2016 graphic glitch ribbon', 'Bug report')|Bug report
('how extract text space', 'Question')|Question
('need sort tabl zip ascend order first date ascend order second how i sort without nullifi first sort', 'Question')|Question
('lat long data how i return locat closest proxim anoth locat', 'Question')|Question
('formula long take earn certain irr', 'Question')|Bug report
('copi specif data multipl tabl anoth one base date', 'Question')|Content related
('match valu 1 column 2 valu anoth column', 'Question')|Bug report
('count number cell match criteria base anoth criteria base index match meet two criteria', 'Question')|Question
('help with select cell that don contain certain word', 'Question')|Feature shortcoming
('help combin multipl if and statement one formula multipl fail statement', 'Question')|Question
('simultan queri multipl boolean field assist make tick box ui', 'Question')|Social interaction
('if refer cell equal specif text creat drop list', 'Question')|Social interaction
('vba declar multipl variabl assist', 'Question')|Content related
('autom file data metadata mac', 'Question')|Question
('total time', 'Question')|Question
('can i set formula valu column chang input cell chang certain time period day count', 'Question')|Content related
('lower cell automat fill color i press enter fill cell info', 'Question')|Content related
('help jump formula', 'Question')|Content related
('question 70 779 exam', 'Question')|Question
('increment custom sequenc formula rather drag', 'Question')|Question
('brows file folder run macro', 'Bug report')|Content related
('a number countdown i make go click button press', 'Question')|Feature information
('help queri exchang server recur calendar event', 'Question')|Unclear / Unrelated
('what function tutori i look order import specif text base instruct base give number valu', 'Question')|Content related
('input postal code', 'Question')|Bug report
('merg cell with concat', 'Question')|Unclear / Unrelated
('show cell valu cell select', 'Question')|Bug report
('problem use calcul field pivot tabl calcul price chang previou month', 'Question')|General complaint
('automat date stamp problem', 'Question')|Bug report
('how i split column data mile long without mess formula graph use', 'Question')|Feature request
('question regard loop ring cell formula includ date string', 'Question')|Feature shortcoming
('i copi past word doc content excel sheet appli text column creat follow issu', 'Question')|Question
('pleas help creat formula calcul storag cost work problem', 'Question')|Feature request
('remov all but one duplic', 'Question')|Content related
('match exact text use wildcard within cell', 'Question')|Question
('center across select help without data besid', 'Bug report')|Social interaction
('data transform add set observ row', 'Question')|Unclear / Unrelated
('addit criteria ad exist program', 'Question')|Bug report
('sla if or and statement', 'Question')|Unclear / Unrelated
('subtract field pivot tabl', 'Question')|Content related
('past content excel sheet word document certain format automat', 'Question')|Bug report
('how i model continu uniform variabl bind 0 01 0 10', 'Question')|Unclear / Unrelated
('how i read x valu plot', 'Question')|Unclear / Unrelated
('be way increment certain cell refer format painter', 'Question')|Content related
('appli custom number format', 'Bug report')|Question
('repeat formula everi x number row', 'Question')|Question
('i need extract column imaginari number graph', 'Question')|Unclear / Unrelated
('how to get averag date ring separ excel sheet workbook', 'Question')|Social interaction
('buy food facebook marketplac', 'Content related')|Question
('gimm yer contact', 'Unclear / Unrelated')|Question
('survey i partnership social media tech compani pleas take amazon 25 survey', 'Unclear / Unrelated')|Question
('facebook seek counsel to creat blockchain partnership for upcom product', 'Unclear / Unrelated')|Question
('facebook intern email show know cambridg analytica abus month news break', 'Unclear / Unrelated')|Question
('anyon know do find anyth onlin also screenshot', 'Unclear / Unrelated')|Question
('facebook commit commerci blockchain applic', 'Unclear / Unrelated')|Social interaction
('the death facebook', 'Content related')|Bug report
('facebook be not monopoli it should be break up', 'Unclear / Unrelated')|Unclear / Unrelated
('facebook store hundr million user password plain text year', 'Unclear / Unrelated')|Question
('you unlock night mode messeng send moon emoji', 'How to')|Unclear / Unrelated
('sell facebook didn hurt industri competit instagram founder say', 'Unclear / Unrelated')|Unclear / Unrelated
('post sinc might interest i creat subreddit market busi directli meet influenc content creator youtub other buy sell adspac ani construct feedback appreci', 'Unclear / Unrelated')|Unclear / Unrelated
('facebook limit ad target stop discrimin', 'Unclear / Unrelated')|Question
('facebook new zealand shooter livestream report massacr', 'Unclear / Unrelated')|Question
('messeng add repli featur exactli like whatsapp', 'Advertisement')|Social interaction
('be big tech merg with big brother kinda look like it', 'Unclear / Unrelated')|Unclear / Unrelated
('facebook agre advertis polici reform settl us lawsuit', 'Unclear / Unrelated')|Question
('facebook say one flag nz mosqu shoot livestream', 'Unclear / Unrelated')|Feature request
('the suspici relationship facebook and the cia', 'Unclear / Unrelated')|Question
('facebook end target ad program hous', 'Advertisement')|Content related
('one year facebook big algorithm chang spur angri fox news domin engag news fee', 'Unclear / Unrelated')|Social interaction
('f ckedbook', 'Unclear / Unrelated')|Bug report
('facebook remov 1 5 million video new zealand attack within 24 hour', 'Content related')|Feature shortcoming
('the whatsapp cofound who sell to facebook for 19 billion tell student to delet facebook the capitalist profit motiv answer wall street drive expans invas data privaci drive expans lot neg outcom', 'Unclear / Unrelated')|Unclear / Unrelated
('spend hour listen knowledg good thing', 'Unclear / Unrelated')|Bug report
('whi debat over privaci can reli tech giant', 'Unclear / Unrelated')|Social interaction
('facebook instagram outag cost advertis thousand dollar', 'Unclear / Unrelated')|Unclear / Unrelated
('facebook roll upvot downvot button comment', 'Advertisement')|Feature request
('facebook head product chri cox say goodby', 'Unclear / Unrelated')|Unclear / Unrelated
('facebook hone india new music content deal', 'Unclear / Unrelated')|Social interaction
('facebook releas trio new ai hardwar design', 'Advertisement')|Bug report
('facebook instagram', 'Bug report')|Question
('use link verifi facebook experienc troubl', 'Unclear / Unrelated')|Question
('firefox 69 disabl flash default', 'Feature information')|Unclear / Unrelated
('firefox better ipad browser', 'Feature information')|Question
('some addit chrome vs firefox benchmark with webrend 67 beta 68 alpha', 'Unclear / Unrelated')|Bug report
('remov forward backward button to the leave the search box', 'Question')|Social interaction
('think googl allow normal googl com fennec eu android browser ballot', 'Question')|Bug report
('how custom firefox search engin import search engin support firefox new three dot featur', 'How to')|Question
